%YAML:1.0
ColorSpace: HSV
nBins: 16
Cube: [ 0., 2.0752799999999999e-01, 3.1396700000000000e-01,
    5.2025800000000000e-01, 3.6518400000000001e-01,
    2.7543099999999998e-01, 3.8951599999999997e-01,
    4.7102300000000003e-01, 3.6750100000000002e-01,
    4.5842699999999997e-01, 4.2179800000000001e-01,
    6.1323799999999995e-01, 2.1793899999999999e-01,
    1.3548900000000000e-01, 4.9943899999999999e-02, 0., 0., 0.,
    4.2706600000000000e-01, 6.3439500000000004e-01,
    2.8576000000000001e-01, 2.5676599999999999e-01,
    5.5305099999999996e-01, 6.0115700000000005e-01,
    6.3659399999999999e-01, 6.2792499999999996e-01,
    5.7180299999999995e-01, 4.1926400000000003e-01,
    4.0261799999999998e-01, 6.2015500000000001e-01,
    7.1877400000000002e-01, 9.1481500000000004e-01, 0.,
    4.7442499999999999e-01, 1.5490999999999999e-01,
    6.7976599999999998e-01, 7.4891200000000002e-01,
    7.0519500000000002e-01, 7.7214700000000003e-01,
    6.9273600000000002e-01, 6.6749599999999998e-01,
    7.5993500000000003e-01, 7.0860999999999996e-01,
    7.6613600000000004e-01, 9.4661600000000001e-01,
    9.3123699999999998e-01, 8.8574200000000003e-01,
    9.9134199999999995e-01, 0., 5.1291699999999996e-01,
    6.8174699999999999e-01, 7.5927199999999995e-01,
    8.9898299999999998e-01, 8.6160800000000004e-01,
    9.1979900000000003e-01, 8.2460500000000003e-01,
    9.2630999999999997e-01, 8.9584200000000003e-01,
    9.3701599999999996e-01, 9.5072400000000001e-01,
    8.9912300000000001e-01, 9.8952099999999998e-01,
    9.9764200000000003e-01, 1., 1.4814800000000000e-01,
    5.1517900000000005e-01, 7.7360200000000001e-01,
    9.0879100000000002e-01, 9.4407399999999997e-01,
    8.7944199999999995e-01, 9.0358899999999998e-01,
    9.1165300000000005e-01, 9.5865599999999995e-01,
    9.8284199999999999e-01, 9.9138099999999996e-01,
    9.5533400000000002e-01, 9.9339000000000000e-01,
    9.8726100000000006e-01, 9.7312500000000002e-01,
    9.9579799999999996e-01, 1.8269199999999999e-01,
    5.6150500000000003e-01, 8.0736799999999997e-01,
    9.2714200000000002e-01, 9.4456600000000002e-01,
    8.9366100000000004e-01, 9.3845599999999996e-01,
    9.4601299999999999e-01, 9.8474099999999998e-01,
    9.8500900000000002e-01, 9.6728300000000000e-01,
    9.6706499999999995e-01, 9.7685400000000000e-01,
    9.3638399999999999e-01, 9.7972000000000004e-01,
    9.9307199999999995e-01, 1.5839200000000001e-01,
    5.6672299999999998e-01, 8.3970900000000004e-01,
    9.1864100000000004e-01, 9.5888799999999996e-01,
    9.2486900000000005e-01, 9.6800399999999998e-01,
    9.7547200000000001e-01, 9.9427699999999997e-01,
    9.8473200000000005e-01, 9.8464799999999997e-01,
    9.9212400000000001e-01, 9.9062499999999998e-01,
    9.9517599999999995e-01, 9.0327500000000005e-01,
    9.1932100000000005e-01, 1.3602000000000000e-01,
    5.7532000000000005e-01, 7.1659799999999996e-01,
    9.2100300000000002e-01, 9.5528400000000002e-01,
    9.6763999999999994e-01, 9.7996300000000003e-01,
    9.7794400000000004e-01, 9.9240300000000004e-01,
    9.8943499999999995e-01, 9.8696499999999998e-01,
    9.8466299999999995e-01, 9.9765700000000002e-01,
    9.9636800000000003e-01, 9.7538999999999998e-01,
    9.5184100000000005e-01, 5.5299500000000001e-02,
    5.8143999999999996e-01, 7.5387199999999999e-01,
    9.1487099999999999e-01, 9.7436800000000001e-01,
    9.7863599999999995e-01, 9.8409599999999997e-01,
    9.8886099999999999e-01, 9.9279799999999996e-01,
    9.8355400000000004e-01, 9.9778800000000001e-01,
    9.9911200000000000e-01, 9.9504800000000004e-01,
    9.9523200000000001e-01, 9.8050800000000005e-01,
    9.4097200000000003e-01, 5.9642199999999999e-02,
    4.4623900000000000e-01, 7.0790600000000004e-01,
    9.3399299999999996e-01, 9.7170900000000004e-01,
    9.7357000000000005e-01, 9.7754300000000005e-01,
    9.3989000000000000e-01, 9.7411499999999995e-01,
    9.8116599999999998e-01, 9.9017999999999995e-01,
    9.5455199999999996e-01, 9.2000000000000004e-01,
    9.8964600000000003e-01, 9.9233199999999999e-01,
    9.8833800000000005e-01, 1.6296300000000000e-01,
    4.5000000000000001e-01, 6.8694699999999997e-01,
    8.9769200000000005e-01, 9.1110800000000003e-01,
    9.6897699999999998e-01, 9.5887400000000000e-01,
    8.9596600000000004e-01, 9.7924999999999995e-01,
    9.4758900000000001e-01, 7.9628600000000005e-01,
    6.9073499999999999e-01, 7.5187199999999998e-01,
    9.3066700000000002e-01, 9.2670200000000003e-01,
    9.3665200000000004e-01, 2.1563299999999999e-01,
    5.0063500000000005e-01, 7.9017400000000004e-01,
    9.0757699999999997e-01, 9.2955800000000000e-01,
    9.5214799999999999e-01, 9.5753200000000005e-01,
    9.3652999999999997e-01, 9.9368999999999996e-01,
    9.8035000000000005e-01, 8.7370099999999995e-01,
    9.6402900000000002e-01, 7.2157800000000005e-01,
    9.0909099999999998e-01, 9.2763700000000004e-01, 1.,
    1.6384199999999999e-01, 4.6197199999999999e-01,
    6.9533900000000004e-01, 6.8720000000000003e-01,
    9.1086299999999998e-01, 9.4707500000000000e-01,
    9.5334900000000000e-01, 9.6158500000000002e-01,
    9.1469199999999995e-01, 9.6853900000000004e-01,
    8.0156400000000005e-01, 9.6809699999999999e-01,
    9.2781999999999998e-01, 9.8658699999999999e-01, 1., 1.,
    1.1057100000000000e-01, 3.3800900000000000e-01,
    5.2489799999999998e-01, 5.1332299999999997e-01,
    8.4299100000000005e-01, 9.2195300000000002e-01,
    9.1371500000000005e-01, 8.6355099999999996e-01,
    9.5544200000000001e-01, 9.8635099999999998e-01,
    9.2961899999999997e-01, 1., 1., 1., 1., 0., 1.3186800000000001e-01,
    3.7698799999999999e-01, 6.4351400000000003e-01,
    3.8489400000000001e-01, 6.9206000000000001e-01,
    8.3532700000000004e-01, 8.5947200000000001e-01,
    7.8712899999999997e-01, 9.3755800000000000e-01, 1., 1., 1., 1., 1.,
    1., 0., 0., 3.4846100000000002e-01, 5.5899399999999999e-01,
    5.1541400000000004e-01, 6.5969199999999995e-01,
    7.6483500000000004e-01, 6.8478300000000003e-01,
    7.4164099999999999e-01, 9.7841699999999998e-01, 1., 1., 1., 1., 0.,
    0., 0., 0., 0., 4.4398300000000002e-01, 3.3024300000000001e-01,
    2.2985100000000000e-01, 1.7877100000000001e-01,
    1.5881100000000001e-01, 1.1629399999999999e-01,
    1.5498500000000001e-01, 9.9534499999999998e-02,
    1.4073200000000000e-01, 1.1383200000000000e-01,
    5.9113300000000001e-02, 6.3887600000000003e-02,
    8.5616399999999995e-02, 1.7444200000000001e-01, 0.,
    3.9537699999999998e-01, 3.0751400000000001e-01,
    3.9938800000000002e-01, 2.7327099999999999e-01,
    1.8484600000000001e-01, 3.2191999999999998e-01,
    2.1235599999999999e-01, 2.0126700000000000e-01,
    1.6894200000000001e-01, 1.1921100000000000e-01,
    1.7953300000000000e-01, 1.0282700000000000e-01,
    1.4163999999999999e-01, 4.0502800000000000e-01,
    9.5091999999999999e-01, 1.7567600000000000e-01,
    3.0156699999999997e-01, 3.1986700000000001e-01,
    4.2828200000000000e-01, 2.8921700000000000e-01,
    3.8725700000000002e-01, 2.4991400000000000e-01,
    2.2289900000000001e-01, 2.1008700000000000e-01,
    2.2454199999999999e-01, 1.7256299999999999e-01,
    2.6233200000000001e-01, 2.4724800000000000e-01,
    3.3438699999999999e-01, 6.4219499999999996e-01,
    7.0506100000000005e-01, 1.0198599999999999e-01,
    3.8967700000000000e-01, 3.7542399999999998e-01,
    3.7817200000000001e-01, 5.1246700000000001e-01,
    4.9306000000000000e-01, 3.4598499999999999e-01,
    3.7297599999999997e-01, 5.0969100000000001e-01,
    2.4669700000000000e-01, 4.2614700000000000e-01,
    6.2500000000000000e-01, 5.6903400000000004e-01,
    7.4935900000000000e-01, 7.2481399999999996e-01,
    5.9382199999999996e-01, 8.9182499999999998e-02,
    4.2009099999999999e-01, 3.2198800000000000e-01,
    5.4586800000000002e-01, 4.2995499999999998e-01,
    4.6193600000000001e-01, 5.8366200000000001e-01,
    5.4804900000000001e-01, 5.4970699999999995e-01,
    4.6633999999999998e-01, 7.7376299999999998e-01,
    7.6101099999999999e-01, 4.4785300000000000e-01,
