%YAML:1.0
ColorConversionCode: 40
mean: !!opencv-matrix
   rows: 3
   cols: 1
   dt: u
   data: [ 29, 109, 142 ]
COV: !!opencv-matrix
   rows: 3
   cols: 3
   dt: d
   data: [ 2.8116542026118941e+003, -7.2928484202975767e+002,
       -3.5614912797179989e+002, -7.2928484202975767e+002,
       2.3696701129968778e+003, -4.2345879705068114e+002,
       -3.5614912797179989e+002, -4.2345879705068114e+002,
       2.9826517901627872e+003 ]
