%YAML:1.0
ColorConversionCode: 0
mean: !!opencv-matrix
   rows: 3
   cols: 1
   dt: u
   data: [ 105, 119, 154 ]
COV: !!opencv-matrix
   rows: 3
   cols: 3
   dt: d
   data: [ 2.8230144503122688e+03, 2.7373412104112790e+03,
       2.6397413959523410e+03, 2.7373412104112790e+03,
       3.1502300715253964e+03, 3.2448954763452302e+03,
       2.6397413959523410e+03, 3.2448954763452302e+03,
       3.7274687970767186e+03 ]
