%YAML:1.0
ColorConversionCode: 0
mean: !!opencv-matrix
   rows: 3
   cols: 1
   dt: u
   data: [ 113, 127, 169 ]
COV: !!opencv-matrix
   rows: 3
   cols: 3
   dt: d
   data: [ 2.4943534982904507e+003, 2.3777290926621167e+003,
       2.3681771394759839e+003, 2.3777290926621167e+003,
       2.5406582645660656e+003, 2.7082060889292247e+003,
       2.3681771394759839e+003, 2.7082060889292247e+003,
       3.3586432298785180e+003 ]
