%YAML:1.0
ColorConversionCode: 0
mean: !!opencv-matrix
   rows: 3
   cols: 1
   dt: u
   data: [ 85, 100, 142 ]
COV: !!opencv-matrix
   rows: 3
   cols: 3
   dt: d
   data: [ 2.1794269518808951e+003, 2.0630517477240992e+003, 1.9983918829321838e+003,
       2.0630517477240992e+003, 2.2366374450409612e+003, 2.3576352263179360e+003,
       1.9983918829321838e+003, 2.3576352263179360e+003, 2.9973955278702388e+003 ]
