%YAML:1.0
ColorConversionCode: 44
mean: !!opencv-matrix
   rows: 3
   cols: 1
   dt: u
   data: [ 133, 140, 141 ]
COV: !!opencv-matrix
   rows: 3
   cols: 3
   dt: d
   data: [ 3.2466121709516383e+003, -4.6172521546174579e+001,
       2.3670716946287138e+002, -4.6172521546174579e+001,
       5.3182739643992861e+001, 1.6232212565027893e+001,
       2.3670716946287138e+002, 1.6232212565027893e+001,
       1.9011075137184741e+002 ]
