%YAML:1.0
ColorConversionCode: 44
mean: !!opencv-matrix
   rows: 3
   cols: 1
   dt: u
   data: [ 117, 143, 144 ]
COV: !!opencv-matrix
   rows: 3
   cols: 3
   dt: d
   data: [ 2.3971207569774419e+003, 3.4453979606823047e+001,
       1.1756596322990924e+002, 3.4453979606823047e+001,
       7.4652973618757599e+001, 5.5463973844930834e+001,
       1.1756596322990924e+002, 5.5463973844930834e+001,
       1.3468192827498581e+002 ]
