%YAML:1.0
ColorConversionCode: 40
mean: !!opencv-matrix
   rows: 3
   cols: 1
   dt: u
   data: [ 43, 97, 156 ]
COV: !!opencv-matrix
   rows: 3
   cols: 3
   dt: d
   data: [ 3.6843065721312337e+003, -6.6933345386388646e+002,
       -6.8660913343635082e+002, -6.6933345386388646e+002,
       1.8741335539757647e+003, -1.0729117107602785e+003,
       -6.8660913343635082e+002, -1.0729117107602785e+003,
       3.5790688678037368e+003 ]
